2401,2402
2401,2403
2401,2408
2402,2404
2402,2405
2403,2405
2403,2406
2403,2408
2404,2408
2404,24010
2405,24012
2405,24013
2406,24014
2406,24016
2407,24010
2407,24011
2407,24025
2408,2407
2409,24012
2409,24016
2409,24024
24010,24011
24011,24022
24012,24016
24012,24026
24013,24015
24013,24016
24013,24017
24014,24015
24015,24016
24015,24017
24016,24017
24017,24019
24017,24020
24018,24020
24019,24020
24019,24028
24019,24031
24020,24027
24020,24028
24021,24020
24022,24024
24022,24025
24023,2409
24024,24025
24024,24026
24025,24026
24026,24027
24027,24028
24027,24029
24028,24031
24029,24030
24030,24031
24031,24032
24032,24030